{
  "nbformat": 4,
  "nbformat_minor": 0,
  "metadata": {
    "colab": {
      "provenance": []
    },
    "kernelspec": {
      "name": "python3",
      "display_name": "Python 3"
    },
    "language_info": {
      "name": "python"
    }
  },
  "cells": [
    {
      "cell_type": "markdown",
      "source": [
        "CSE_URP HW 1-1"
      ],
      "metadata": {
        "id": "0bBpZs7PK_Oj"
      }
    },
    {
      "cell_type": "code",
      "execution_count": null,
      "metadata": {
        "colab": {
          "base_uri": "https://localhost:8080/"
        },
        "id": "_N__T9fbIaLl",
        "outputId": "9610eb5a-4634-4543-f3cf-9019281cf017"
      },
      "outputs": [
        {
          "output_type": "stream",
          "name": "stdout",
          "text": [
            "[0.00948055 0.03375993 0.04035118 0.04040332 0.04357809 0.07927439\n",
            " 0.10274435 0.1122126  0.13299051 0.13989498 0.14879856 0.15046144\n",
            " 0.15731052 0.16119922 0.19122421 0.19442543 0.19649255 0.20318627\n",
            " 0.22537621 0.23516768 0.23613291 0.24049421 0.25485244 0.27845241\n",
            " 0.29700265 0.30736047 0.31763553 0.32691012 0.33762132 0.34483993\n",
            " 0.35739687 0.37697696 0.38829509 0.39666886 0.41232757 0.41910252\n",
            " 0.42261655 0.44038181 0.44728137 0.4484318  0.4693876  0.47488304\n",
            " 0.47682734 0.48945859 0.52504125 0.53120644 0.540301   0.54290147\n",
            " 0.56958224 0.57513603 0.59561538 0.60574479 0.61276611 0.61692108\n",
            " 0.62608301 0.6301244  0.63377376 0.6562925  0.6651777  0.67385526\n",
            " 0.68501837 0.68616896 0.68661874 0.68797694 0.6948331  0.69914122\n",
            " 0.7013258  0.70508008 0.71029398 0.71500161 0.71840628 0.72914701\n",
            " 0.73954923 0.75238379 0.75889371 0.77931602 0.78075864 0.80971498\n",
            " 0.81122336 0.81912325 0.82060397 0.82473613 0.83030395 0.83835192\n",
            " 0.83958158 0.84115426 0.84874463 0.87019343 0.8844042  0.88568472\n",
            " 0.88591621 0.91000846 0.9106127  0.91399216 0.94675623 0.94952807\n",
            " 0.97156294 0.97419541 0.98176311 0.98522197]\n"
          ]
        }
      ],
      "source": [
        "import numpy as np\n",
        "\n",
        "numbers = np.random.rand(100)    # rand 함수는 최상위 함수가 아니기 때문에 np.random.rand(100)으로 써야 -> 즉, random 모듈 안의 rand 함수를 불러와라.\n",
        "\n",
        "sorted_numbers = np.sort(numbers)    # sort는 최상위 함수이므로 그 자체로 쓰는 것 가능\n",
        "\n",
        "print(sorted_numbers)"
      ]
    },
    {
      "cell_type": "markdown",
      "source": [
        "CSE_URP HW 1-2-1"
      ],
      "metadata": {
        "id": "UdT_VBi1LGCP"
      }
    },
    {
      "cell_type": "code",
      "source": [
        "import numpy as np\n",
        "\n",
        "A = np.random.rand(4, 4)      # 왜 rand(4, 4)로 안쓰고 앞에 random이 붙는가? -> rand는 random이라는 모듈 안에 정의된 함수이기 때문\n",
        "B = np.random.rand(4, 4)\n",
        "C = A @ B    # @는 행렬 곱(A x B)\n",
        "\n",
        "print(\"Matrix A:\\n\", A)    # Matrix에 이름 붙이기 -> \"~\\n\"(\\n은 줄바꿈)\n",
        "print(\"Matrix B:\\n\", B)\n",
        "print(\"Matrix C:\\n\", C)"
      ],
      "metadata": {
        "colab": {
          "base_uri": "https://localhost:8080/"
        },
        "id": "h5oCjH7kIkxG",
        "outputId": "c6c183c6-d322-4a19-9c3f-dddc1b73e291"
      },
      "execution_count": null,
      "outputs": [
        {
          "output_type": "stream",
          "name": "stdout",
          "text": [
            "Matrix A:\n",
            " [[0.98986652 0.95363631 0.33416283 0.99456212]\n",
            " [0.92818022 0.87692831 0.16531144 0.26486688]\n",
            " [0.08277579 0.74569068 0.19403189 0.65488612]\n",
            " [0.46559358 0.80281764 0.81025258 0.68701313]]\n",
            "Matrix B:\n",
            " [[0.2489916  0.05574678 0.7115592  0.67778042]\n",
            " [0.91809976 0.73504317 0.36539566 0.37706341]\n",
            " [0.93225401 0.52006475 0.70387458 0.65867728]\n",
            " [0.95136019 0.17501388 0.77567698 0.03032969]]\n",
            "Matrix C:\n",
            " [[2.37971316 1.10399423 2.05947087 1.28076373]\n",
            " [1.4423128  0.82865126 1.30269064 1.07668017]\n",
            " [1.50914849 0.76825263 0.97592621 0.48494336]\n",
            " [2.26195373 1.15768162 1.72785994 1.17281523]]\n"
          ]
        }
      ]
    },
    {
      "cell_type": "markdown",
      "source": [
        "CSE_URP HW 1-2-2"
      ],
      "metadata": {
        "id": "JD-ZwGd6LNMr"
      }
    },
    {
      "cell_type": "code",
      "source": [
        "import numpy as np\n",
        "\n",
        "A = np.random.rand(4, 4)\n",
        "B = np.random.rand(4, 4)\n",
        "C = A @ B\n",
        "\n",
        "C_inv = np.linalg.inv(C)    # numpy.linalg.inv 역행렬 계산 함수 -> inv는 linalg  모듈 안의 함수\n",
        "\n",
        "print(\"Matrix C_inv:\\n\", C_inv)"
      ],
      "metadata": {
        "colab": {
          "base_uri": "https://localhost:8080/"
        },
        "id": "r3D9JHTiLRi5",
        "outputId": "ddfb4b4f-ad93-4ef3-a64d-2e42b00049b8"
      },
      "execution_count": null,
      "outputs": [
        {
          "output_type": "stream",
          "name": "stdout",
          "text": [
            "Matrix C_inv:\n",
            " [[-15.43604379  11.48737984  -8.94008463  -0.17929862]\n",
            " [ 12.75792181  -9.59389111   4.70100095   2.59828294]\n",
            " [  8.31514913   4.07440591  -5.588517     0.31900282]\n",
            " [ -2.5575424   -3.56515587   5.26843791  -0.80783162]]\n"
          ]
        }
      ]
    },
    {
      "cell_type": "markdown",
      "source": [
        "CSE_URP HW 1-2-3"
      ],
      "metadata": {
        "id": "a69Rgy73RLKg"
      }
    },
    {
      "cell_type": "code",
      "source": [
        "import numpy as np\n",
        "\n",
        "A = np.random.rand(4, 4)\n",
        "B = np.random.rand(4, 4)\n",
        "C = A @ B\n",
        "C_inv = np.linalg.inv(C)\n",
        "\n",
        "I = C @ C_inv    # Matrix C와 Matrix C_inv를 곱하여 Identity가 Matrix가 나오는지 확인\n",
        "\n",
        "print(\"C x C_inv:\\n\", I)    # 그 결과 대각선은 1로, 나머지는 0으로 수렴"
      ],
      "metadata": {
        "colab": {
          "base_uri": "https://localhost:8080/"
        },
        "id": "QXgIQZJGRO_M",
        "outputId": "c7b46fe6-61ad-4e75-a727-61ead62dfb8f"
      },
      "execution_count": null,
      "outputs": [
        {
          "output_type": "stream",
          "name": "stdout",
          "text": [
            "C x C_inv:\n",
            " [[ 1.00000000e+00 -2.05682729e-14 -4.90048649e-15  8.59512064e-14]\n",
            " [ 3.23686599e-15  1.00000000e+00 -6.07620897e-16  9.82869522e-15]\n",
            " [-1.05917073e-16  4.82059404e-14  1.00000000e+00  5.05094313e-14]\n",
            " [ 3.42878031e-15 -1.35489198e-14 -1.24633448e-15  1.00000000e+00]]\n"
          ]
        }
      ]
    }
  ]
}
